Title  PHR 231 gapo4 SNBL (JAN 97, Analyzer 4) data set 
SpaceGroup  P b c n
UnitCell 13.3689 10.4416 18.5333
AtomType  +  Node        Ga  16 
AtomType  +  Node        P   16 
AtomType  -  NodeBridge  O   64
AtomType  -  *           F   8
AtomType  -  *           C   40 
AtomType  -  *           H   88 
AtomType  -  *           N   16 

Chemistry  MinDistance  Node        Ga  Node        P   2.7 
Chemistry  MinDistance  Node        Ga  Node        Ga  2.7 
Chemistry  MinDistance  Node        Ga  NodeBridge  O   1.6
Chemistry  MinDistance  Node        P   Node        P   2.7
Chemistry  MinDistance  Node        P   NodeBridge  O   1.4
Chemistry  MinDistance  NodeBridge  O   NodeBridge  O   2.3
MaxPotentialAtoms 40 
MaxRecycledAtoms  32 

FwSearchMethod  FwTracking
MaxPeaksFwSearch 320 
MaxPeaksFwFragmentSearch 160 
MinNodeDistance  2.4
MaxNodeDistance  3.6
MinSymNodes  20
NodeType  4  *  -6 -3 -1 4 6
NodeType  3  1  -6 -3 -1 4 6
NodeType  2  1  -6 -3 4 6
MinLoopSize  4 
EvenLoopSizesOnly  On 
Check3DimConnectivity  On
IdealT_NodeDistance  3.1
CheckTetrahedralGeometry  Normal

FeedBackCycles  1 1 1 1 1 1 1 1 1 1 

Grid_xyz 40 32 48      
eDensityCutOff  1 %
MinPfI  17
CatchDistance  0.5
eD_PeaksSortElement  Grid_eD

Lambda  0.80212
FobsMin_d 1.12 
FobsScale  0.15
OverlapFactor  0.15
OverlapAction  EqualMF2 
ReflectionUsage   75 %
Grid_hkl  +11 9 16 
GenerateFWHM
AbsentRedivisionLimit  0 FWHM
RandomInitialization  891944477 

#    h    k    l        Fobs     Sigma  FWHM
    0    0    2    52.182      *      0.038
    1    1    0    18.466      *      0.025
    1    0    2    12.961      *      0.038
    1    1    1    49.629      *      0.025
    2    0    0    87.115      *      0.039
    1    1    2    69.231      *      0.026
    2    0    2    47.233      *      0.040
    2    1    1     0.000      *      0.028
    0    2    0    33.302      *      0.025
    0    2    1    22.716      *      0.026
    1    1    3    27.350      *      0.028
    2    1    2    14.387      *      0.029
    1    2    1     6.782      *      0.026
    0    0    4    19.799      *      0.041
    0    2    2    57.428      *      0.026
    1    0    4    45.387      *      0.041
    1    2    2     5.000      *      0.027
    2    1    3     6.928      *      0.030
    2    2    0    18.466      *      0.027
    3    1    0     5.657      *      0.031
    1    1    4    30.790      *      0.031
    2    2    1     6.000      *      0.028
    3    0    2    52.887      *      0.042
    3    1    1    24.839      *      0.031
    0    2    3    30.050      *      0.028
    1    2    3     0.000      *      0.028
    2    0    4    92.666      *      0.042
    2    2    2     9.000      *      0.028
    3    1    2    13.115      *      0.032
    2    1    4    16.125      *      0.032
    0    2    4     3.873      *      0.029
    2    2    3    24.062      *      0.029
    3    1    3    53.151      *      0.033
    1    1    5    16.279      *      0.033
    1    3    0    46.637      *      0.028
    1    2    4    16.763      *      0.029
    4    0    0    19.105      *      0.043
    3    2    1    23.833      *      0.029
    1    3    1    80.827      *      0.028
    3    0    4    14.967      *      0.043
    3    2    2    11.402      *      0.030
    1    3    2    38.026      *      0.029
    4    0    2    72.194      *      0.044
    4    1    1    19.570      *      0.034
    2    1    5    26.533      *      0.034
    0    0    6    32.924      *      0.044
    2    2    4    13.304      *      0.030
    3    1    4    63.836      *      0.034
    2    3    1     7.550      *      0.029
    0    2    5    17.776      *      0.031
    1    0    6    70.859      *      0.044
    4    1    2     2.000      *      0.035
    3    2    3     3.742      *      0.031
    1    3    3     4.472      *      0.029
    1    2    5     4.359      *      0.031
    2    3    2    14.967      *      0.030
    1    1    6     4.899      *      0.035
    4    1    3    18.330      *      0.036
    4    2    0    68.454      *      0.032
    2    0    6    45.673      *      0.045
    4    2    1    19.391      *      0.032
    2    3    3    14.387      *      0.030
    2    2    5    11.958      *      0.032
    3    1    5    22.561      *      0.036
    3    3    0    17.720      *      0.030
    3    2    4    21.401      *      0.032
    1    3    4    65.468      *      0.030
    3    3    1    44.788      *      0.030
    4    0    4    21.587      *      0.045
    2    1    6    19.365      *      0.036
    4    2    2    15.811      *      0.032
    0    2    6    56.842      *      0.032
    3    3    2     5.477      *      0.031
    4    1    4    12.961      *      0.037
    0    4    0    43.243      *      0.030
    1    2    6     9.592      *      0.033
    5    1    0    12.247      *      0.037
    0    4    1    11.489      *      0.030
    2    3    4     4.690      *      0.031
    5    0    2    64.861      *      0.046
    5    1    1     8.185      *      0.037
    4    2    3    26.211      *      0.033
    3    0    6    13.191      *      0.046
    1    4    1     0.000      *      0.030
    1    1    7    28.513      *      0.038
    0    4    2    38.262      *      0.030
    3    3    3    54.955      *      0.032
    3    2    5    17.234      *      0.033
    5    1    2    37.921      *      0.038
    1    3    5    14.000      *      0.032
    2    2    6    32.573      *      0.034
    1    4    2     0.000      *      0.031
    3    1    6    23.367      *      0.038
    2    4    0    31.464      *      0.031
    4    1    5     5.292      *      0.039
    2    4    1    12.490      *      0.031
    4    2    4    38.210      *      0.034
    0    4    3    38.013      *      0.031
    2    1    7    29.715      *      0.039
    4    3    1    18.762      *      0.032
    5    1    3    12.490      *      0.039
    2    3    5    24.145      *      0.032
    1    4    3    13.229      *      0.031
    0    2    7    43.898      *      0.034
    3    3    4    30.133      *      0.032
    5    2    1    48.249      *      0.034
    2    4    2    12.450      *      0.031
    4    3    2    20.469      *      0.033
    1    2    7     7.280      *      0.035
    0    0    8    38.053      *      0.047
    5    0    4    31.113      *      0.047
    5    2    2    12.207      *      0.035
    1    0    8    37.363      *      0.047
    3    2    6     0.000      *      0.035
    1    3    6    18.083      *      0.033
    0    4    4    22.738      *      0.032
    4    0    6    50.833      *      0.047
    2    4    3    16.763      *      0.032
    5    1    4    20.248      *      0.040
    4    3    3     5.385      *      0.033
    1    4    4    10.392      *      0.032
    4    2    5     2.828      *      0.035
    3    4    1     2.646      *      0.032
    1    1    8    10.863      *      0.040
    6    0    0    29.783      *      0.048
    2    2    7     6.928      *      0.035
    3    1    7    17.804      *      0.040
    5    2    3    12.806      *      0.035
    4    1    6    14.283      *      0.040
    3    3    5    58.000      *      0.034
    2    0    8    36.152      *      0.048
    3    4    2     0.000      *      0.032
    2    3    6    13.038      *      0.034
    6    0    2    27.148      *      0.048
    6    1    1     6.782      *      0.041
    2    4    4    11.136      *      0.033
    2    1    8     8.602      *      0.041
    4    3    4     9.798      *      0.034
    0    4    5    10.583      *      0.033
    5    1    5    11.619      *      0.041
    6    1    2    12.450      *      0.041
    5    3    0    12.369      *      0.034
    0    2    8    12.923      *      0.036
    5    2    4     3.873      *      0.036
    3    4    3     2.000      *      0.033
    1    4    5    12.923      *      0.033
    5    3    1    19.053      *      0.034
    1    2    8     9.165      *      0.037
    3    2    7    12.247      *      0.037
    1    3    7    11.489      *      0.035
    4    2    6    16.310      *      0.037
    5    3    2    21.932      *      0.035
    1    5    0    28.178      *      0.033
    4    4    0    16.492      *      0.033
    3    0    8     4.000      *      0.049
    6    1    3     0.000      *      0.042
    3    3    6     7.000      *      0.035
    1    5    1     1.414      *      0.033
    6    2    0    14.866      *      0.037
    4    4    1    10.440      *      0.034
    6    2    1    14.731      *      0.037
    4    1    7     5.292      *      0.042
    2    4    5    10.954      *      0.034
    3    4    4     8.944      *      0.033
    5    0    6    14.142      *      0.049
    4    3    5     8.832      *      0.035
    2    2    8    14.036      *      0.037
    3    1    8    16.401      *      0.042
    1    5    2    19.647      *      0.033
    2    3    7    38.962      *      0.035
    4    4    2    41.073      *      0.034
    6    0    4    55.525      *      0.049
    5    3    3    24.166      *      0.035
    5    2    5    19.799      *      0.037
    6    2    2    20.273      *      0.037
    1    1    9    20.469      *      0.042
    0    4    6    30.984      *      0.034
    5    1    6    30.364      *      0.043
    2    5    1    15.748      *      0.033
    1    4    6     7.874      *      0.034
    6    1    4    32.619      *      0.043
    1    5    3    12.083      *      0.033
    4    4    3    12.369      *      0.034
    2    5    2     5.000      *      0.033
    6    2    3     6.164      *      0.038
    2    1    9    20.591      *      0.043
    4    2    7    24.900      *      0.038
    5    3    4    18.083      *      0.036
    3    4    5     7.211      *      0.035
    0    2    9     9.165      *      0.038
    3    2    8    27.514      *      0.038
    2    4    6    43.370      *      0.035
    1    3    8    24.980      *      0.036
    3    3    7    20.298      *      0.036
    4    0    8    26.019      *      0.050
    4    3    6    20.833      *      0.036
    2    5    3    12.610      *      0.034
    1    2    9    11.747      *      0.038
    3    5    0    12.410      *      0.034
    5    2    6    39.383      *      0.039
    1    5    4    12.689      *      0.034
    3    5    1    40.012      *      0.034
    4    4    4    27.586      *      0.035
    6    1    5    12.884      *      0.044
    7    1    0    18.815      *      0.044
    6    2    4    11.958      *      0.039
    4    1    8    24.228      *      0.044
    7    0    2    56.312      *      0.051
    7    1    1    19.824      *      0.044
    6    3    1    33.317      *      0.036
    0    4    7    17.321      *      0.035
    5    4    1     3.606      *      0.035
    0    0   10    65.399      *      0.051
    2    3    8     4.899      *      0.037
    3    5    2     3.742      *      0.034
    5    1    7    15.166      *      0.044
    2    2    9    20.881      *      0.039
    1    4    7     3.000      *      0.035
    7    1    2    10.724      *      0.044
    3    1    9     8.544      *      0.044
    5    3    5     4.000      *      0.037
    6    3    2    28.267      *      0.037
    1    0   10    40.669      *      0.051
    2    5    4    29.275      *      0.035
    5    4    2    18.385      *      0.036
    3    4    6    47.233      *      0.036
    1    1   10    32.280      *      0.045
    3    5    3     0.000      *      0.035
    6    0    6    24.739      *      0.051
    1    5    5    22.181      *      0.035
    4    4    5    21.817      *      0.036
    7    1    3    17.776      *      0.045
    6    3    3    21.564      *      0.037
    6    2    5    16.763      *      0.040
    2    4    7    25.239      *      0.036
    4    2    8    28.879      *      0.040
    5    4    3    16.852      *      0.036
    2    0   10    37.603      *      0.051
    7    2    1    15.492      *      0.040
    4    3    7    14.318      *      0.037
    6    1    6    26.420      *      0.045
    3    3    8     0.000      *      0.038
    5    2    7     0.000      *      0.040
    7    0    4    12.530      *      0.052
    4    5    1     7.280      *      0.035
    2    1   10     9.899      *      0.046
    7    2    2     8.888      *      0.040
    3    2    9    13.229      *      0.040
    1    3    9    16.763      *      0.038
    2    5    5    16.823      *      0.036
    5    0    8    48.806      *      0.053
    3    5    4     2.000      *      0.036
    5    3    6     8.426      *      0.039
    0    2   10    21.213      *      0.042
    7    1    4    10.247      *      0.047
    0    6    0     0.000      *      0.036
    4    5    2     0.000      *      0.037
    6    3    4    19.261      *      0.039
    0    4    8    97.693      *      0.038
    0    6    1    14.765      *      0.036
    1    2   10    34.943      *      0.042
    5    4    4    12.207      *      0.038
    4    1    9    28.775      *      0.047
    5    1    8    19.209      *      0.047
    7    2    3    13.528      *      0.042
    1    4    8    21.564      *      0.038
    1    6    1     5.477      *      0.036
    1    5    6    13.748      *      0.037
    3    4    7    18.385      *      0.038
    2    3    9    46.054      *      0.039
    4    4    6    34.828      *      0.038
    3    0   10    48.125      *      0.053
    0    6    2    48.662      *      0.036
    6    2    6    33.541      *      0.042
    4    5    3    10.050      *      0.037
    1    6    2    20.025      *      0.036
    6    4    0    63.663      *      0.038
    2    2   10    25.377      *      0.042
    3    1   10     6.481      *      0.048
    6    4    1    27.749      *      0.038
    3    5    5    32.218      *      0.037
    2    6    0     5.477      *      0.037
    6    1    7    29.086      *      0.048
    2    4    8    46.723      *      0.038
    2    6    1     8.832      *      0.037
    7    1    5    18.574      *      0.048
    0    6    3    19.235      *      0.037
    2    5    6    13.266      *      0.037
    6    3    5    13.266      *      0.040
    7    3    0    17.833      *      0.040
    7    2    4    16.492      *      0.043
    8    0    0    28.071      *      0.054
    4    3    8    15.556      *      0.040
    5    4    5    23.896      *      0.038
    7    3    1    10.296      *      0.040
    6    4    2    28.496      *      0.038
    4    2    9    21.095      *      0.043
    1    6    3     8.660      *      0.037
    5    2    8    26.758      *      0.043
    2    6    2    19.442      *      0.037
    5    3    7    11.402      *      0.040
    4    5    4     6.000      *      0.038
    1    1   11     4.899      *      0.048
    7    3    2    13.711      *      0.040
    3    3    9     1.414      *      0.040
    5    5    0     0.000      *      0.038
    8    0    2     0.000      *      0.054
    8    1    1     1.000      *      0.048
    5    5    1     9.950      *      0.038
    6    4    3    10.488      *      0.039
    0    6    4    39.332      *      0.037
    1    5    7    25.904      *      0.038
    3    2   10    32.047      *      0.043
    2    6    3     9.798      *      0.037
    4    4    7     8.775      *      0.039
    7    0    6    41.449      *      0.054
    8    1    2    21.726      *      0.049
    1    3   10    27.074      *      0.041
    4    0   10    59.624      *      0.054
    6    2    7    11.790      *      0.043
    5    5    2    11.000      *      0.038
    1    6    4    33.076      *      0.037
    0    4    9    35.157      *      0.039
    7    3    3    30.578      *      0.041
    3    4    8    17.436      *      0.039
    3    6    1    17.944      *      0.037
    2    1   11    23.643      *      0.049
    7    2    5    16.882      *      0.044
    3    5    6     1.414      *      0.038
    5    1    9    27.276      *      0.049
    6    0    8    54.745      *      0.055
    1    4    9     0.000      *      0.039
    7    1    6     2.000      *      0.049
    0    2   11    23.431      *      0.044
    6    3    6    18.000      *      0.041
    4    1   10    22.891      *      0.049
    5    4    6    11.619      *      0.040
    4    5    5     3.000      *      0.038
    3    6    2     7.000      *      0.038
    8    1    3     6.708      *      0.049
    2    5    7    15.264      *      0.038
    1    2   11    15.100      *      0.044
    6    4    4    15.264      *      0.040
    8    2    0    21.656      *      0.044
    5    5    3    15.780      *      0.038
    2    3   10    18.868      *      0.041
    6    1    8    11.446      *      0.049
    8    2    1    22.672      *      0.044
    2    6    4    13.191      *      0.038
    0    6    5    29.614      *      0.038
    7    3    4    13.153      *      0.041
    8    0    4    44.159      *      0.055
    2    4    9    14.107      *      0.040
    8    2    2    40.361      *      0.044
    3    6    3     6.856      *      0.038
    4    3    9    22.935      *      0.042
    1    6    5     4.123      *      0.038
    5    3    8    12.166      *      0.042
    2    2   11     0.000      *      0.044
    3    1   11     0.000      *      0.050
    5    2    9     2.449      *      0.044
    8    1    4    11.705      *      0.050
    7    2    6    31.353      *      0.045
    5    5    4     6.633      *      0.039
    4    2   10     9.000      *      0.045
    0    0   12    54.342      *      0.056
    4    6    0    35.214      *      0.038
    6    4    5     4.000      *      0.040
    1    5    8     6.403      *      0.039
    8    2    3     7.810      *      0.045
    3    5    7    12.845      *      0.039
    4    4    8    12.166      *      0.040
    4    6    1    17.493      *      0.038
    4    5    6    28.583      *      0.039
    3    3   10     8.246      *      0.042
    7    4    1     9.950      *      0.040
    6    2    8    19.287      *      0.045
    1    0   12    41.037      *      0.056
    2    6    5    27.911      *      0.039
    7    1    7    23.259      *      0.050
    6    3    7     6.083      *      0.042
    3    6    4    20.712      *      0.039
    5    4    7    22.450      *      0.041
    7    3    5    19.824      *      0.042
    5    0   10    48.765      *      0.056
    4    6    2    12.450      *      0.039
    7    4    2    22.804      *      0.041
    3    4    9    11.225      *      0.041
    6    5    1    11.662      *      0.040
    1    1   12    23.216      *      0.051
    0    6    6    42.000      *      0.039
    0    4   10    24.413      *      0.041
    2    5    8     3.162      *      0.040
    3    2   11    24.556      *      0.045
    5    1   10    15.199      *      0.051
    8    1    5    11.705      *      0.051
    1    3   11     9.539      *      0.043
    1    6    6     7.348      *      0.039
    2    0   12    27.295      *      0.056
    8    2    4    15.620      *      0.045
    5    5    5    14.832      *      0.040
    6    5    2    15.748      *      0.040
    1    4   10     3.317      *      0.041
    8    3    1    18.221      *      0.043
    4    6    3    28.355      *      0.039
    6    1    9     4.583      *      0.051
    7    4    3    24.042      *      0.041
    2    1   12     1.000      *      0.051
    4    1   11    11.958      *      0.051
    8    3    2    24.187      *      0.043
    6    4    6     7.280      *      0.041
    3    6    5     7.746      *      0.039
    7    2    7    13.077      *      0.046
    1    7    0    20.567      *      0.039
    0    2   12    33.734      *      0.046
    2    3   11    18.083      *      0.043
    6    5    3    25.962      *      0.040
    2    6    6     5.477      *      0.040
    1    7    1     3.742      *      0.039
    5    3    9    38.445      *      0.043
    2    4   10    17.972      *      0.041
    7    0    8    16.523      *      0.057
    1    2   12    10.000      *      0.046
    4    5    7    11.916      *      0.040
    7    3    6    16.062      *      0.043
    9    1    0    16.852      *      0.051
    8    0    6    29.496      *      0.057
    4    3   10    15.652      *      0.043
    9    0    2    44.396      *      0.057
    9    1    1    13.229      *      0.052
    3    5    8    21.142      *      0.041
    4    6    4    22.361      *      0.040
    1    7    2    19.723      *      0.039
    8    3    3    12.610      *      0.043
    5    2   10    13.675      *      0.046
    7    4    4     9.055      *      0.042
    8    2    5    13.416      *      0.046
    3    0   12    34.828      *      0.057
    7    1    8     4.583      *      0.052
    6    3    8     1.414      *      0.043
    1    5    9    16.882      *      0.041
    4    4    9    17.349      *      0.042
    8    1    6    22.956      *      0.052
    0    6    7    15.330      *      0.040
    5    4    8    14.967      *      0.042
    5    6    1    18.601      *      0.040
    6    2    9    11.000      *      0.047
    5    5    6     5.568      *      0.041
    9    1    2    10.247      *      0.052
    2    7    1    15.166      *      0.040
    6    5    4    26.514      *      0.041
    2    2   12     0.000      *      0.047
    4    2   11     1.000      *      0.047
    1    6    7     0.000      *      0.040
    3    1   12    14.629      *      0.052
    1    7    3    17.205      *      0.040
    5    6    2     2.000      *      0.040
    2    7    2     9.798      *      0.040
    3    3   11     3.873      *      0.044
    3    6    6     9.110      *      0.040
    8    3    4    21.284      *      0.044
    2    5    9     5.292      *      0.041
    3    4   10     7.746      *      0.042
    9    1    3     3.873      *      0.053
    6    4    7     0.000      *      0.042
    6    0   10    12.124      *      0.058
    4    6    5     4.000      *      0.041
    9    2    1     0.000      *      0.047
    7    4    5     2.000      *      0.043
    2    6    7    17.407      *      0.041
    5    6    3    25.199      *      0.041
    7    2    8    17.944      *      0.047
    2    7    3    26.721      *      0.040
    0    4   11    34.943      *      0.043
    7    3    7     8.246      *      0.044
    8    2    6    11.747      *      0.047
    3    7    0    25.060      *      0.040
    9    0    4    47.424      *      0.058
    5    1   11    36.139      *      0.053
    1    7    4    10.677      *      0.040
    6    1   10    18.894      *      0.053
    9    2    2    15.427      *      0.047
    3    7    1    25.981      *      0.040
    6    5    5    17.692      *      0.042
    7    5    0    23.833      *      0.042
    1    4   11    19.339      *      0.043
    8    4    0    22.316      *      0.043
    4    5    8    24.269      *      0.042
    3    2   12    27.911      *      0.048
    1    1   13    15.652      *      0.053
    7    5    1    12.570      *      0.042
    1    3   12    11.705      *      0.045
    8    4    1    15.780      *      0.043
    4    0   12    31.828      *      0.058
    9    1    4    11.705      *      0.053
    8    1    7    25.632      *      0.053
    3    7    2    13.115      *      0.040
    5    5    7    27.495      *      0.042
    5    3   10    17.916      *      0.045
    8    3    5    23.367      *      0.045
    7    5    2    29.648      *      0.042
    3    5    9     8.544      *      0.042
    9    2    3    12.410      *      0.048
    0    6    8    16.523      *      0.041
    8    4    2     9.899      *      0.043
    5    6    4    10.050      *      0.041
    4    1   12    18.358      *      0.053
    2    7    4    10.817      *      0.040
    7    1    9    14.213      *      0.053
    6    3    9    18.466      *      0.045
    2    4   11    26.514      *      0.043
    1    6    8    12.767      *      0.041
    5    4    9    20.075      *      0.043
    3    6    7    22.605      *      0.041
    2    1   13    20.833      *      0.053
    2    3   12     9.539      *      0.045
    4    3   11    12.369      *      0.045
    4    6    6    32.879      *      0.041
    7    4    6    38.626      *      0.043
    1    5   10    29.394      *      0.042
    3    7    3    29.120      *      0.041
    4    4   10    29.816      *      0.043
    1    7    5     6.164      *      0.041
    0    2   13    17.720      *      0.049
    5    2   11    14.765      *      0.049
    6    2   10    10.247      *      0.049
    7    5    3    20.952      *      0.042
    8    4    3    13.928      *      0.043
    6    6    0     8.307      *      0.042
    1    2   13    30.348      *      0.049
    6    4    8     5.831      *      0.044
    6    6    1     6.083      *      0.042
    9    1    5    15.395      *      0.054
    6    5    6    15.684      *      0.042
    9    3    0    19.925      *      0.045
    9    2    4    16.673      *      0.049
    8    2    7    22.869      *      0.049
    2    6    8    15.362      *      0.042
    9    3    1    20.075      *      0.045
    4    7    1    19.925      *      0.041
    2    5   10    13.565      *      0.043
    5    6    5    13.191      *      0.042
    7    3    8    17.972      *      0.046
    6    6    2    25.729      *      0.042
    8    0    8    44.788      *      0.059
    2    7    5    20.976      *      0.041
    4    2   12    17.464      *      0.049
    8    3    6    19.824      *      0.046
    3    7    4    21.610      *      0.041
    7    2    9    17.916      *      0.049
    9    3    2    17.944      *      0.046
    3    4   11    18.682      *      0.044
    7    5    4    20.100      *      0.043
    4    7    2    14.457      *      0.041
    2    2   13    13.038      *      0.049
    3    1   13    10.488      *      0.055
    8    4    4     8.124      *      0.044
    3    3   12    22.091      *      0.046
    8    1    8    20.000      *      0.055
    4    5    9     9.695      *      0.043
    5    5    8    26.758      *      0.043
    6    6    3    20.785      *      0.042
    9    0    6    48.611      *      0.059
    5    0   12     3.000      *      0.059
   10    0    0    60.951      *      0.059
    1    7    6    13.748      *      0.042
    9    3    3    36.483      *      0.046
    4    6    7     2.000      *      0.042
    6    1   11     5.745      *      0.055
    9    2    5     3.000      *      0.049
    7    4    7    27.000      *      0.044
    4    7    3    21.213      *      0.042
    7    0   10    41.097      *      0.060
    0    4   12    10.247      *      0.044
    0    6    9    12.961      *      0.042
    3    6    8     9.747      *      0.042
    9    1    6     3.606      *      0.055
    5    1   12    17.578      *      0.055
    0    0   14    86.186      *      0.060
    3    5   10     5.196      *      0.043
    1    4   12    10.630      *      0.044
   10    0    2    18.111      *      0.060
    1    6    9    16.852      *      0.043
   10    1    1    27.803      *      0.055
    3    7    5    39.825      *      0.042
    6    5    7    30.871      *      0.043
    7    1   10    24.352      *      0.055
    5    3   11    15.620      *      0.047
    5    6    6    11.180      *      0.043
    6    3   10    17.861      *      0.047
    1    0   14    33.422      *      0.060
    7    5    5    19.494      *      0.043
    2    7    6    29.749      *      0.042
    5    4   10    22.383      *      0.045
    8    4    5    21.863      *      0.045
    6    6    4    13.856      *      0.043
    3    2   13    33.601      *      0.050
    1    3   13    18.193      *      0.047
   10    1    2     9.798      *      0.056
    8    2    8    23.173      *      0.050
    9    3    4    32.604      *      0.047
    8    3    7    21.863      *      0.047
    6    4    9    28.231      *      0.045
    1    1   14    21.071      *      0.056
    4    7    4    13.748      *      0.042
    1    5   11    22.068      *      0.044
    0    8    0    38.000      *      0.042
    2    4   12    15.937      *      0.045
    2    6    9    10.149      *      0.043
    4    4   11     7.071      *      0.045
    5    7    0    13.928      *      0.042
    0    8    1    12.845      *      0.042
    6    2   11     8.660      *      0.050
    4    1   13     9.899      *      0.056
    8    5    1     8.185      *      0.044
    4    3   12    16.125      *      0.047
    5    7    1     8.000      *      0.042
    7    3    9     7.681      *      0.047
    2    0   14    29.155      *      0.060
    9    2    6    20.688      *      0.051
   10    1    3    14.107      *      0.056
    1    8    1    13.191      *      0.042
    5    2   12    15.395      *      0.051
   10    2    0    26.589      *      0.051
    2    3   13    22.561      *      0.047
    1    7    7    23.770      *      0.042
    0    8    2     9.798      *      0.042
    8    5    2     6.325      *      0.044
   10    2    1    23.000      *      0.051
    5    7    2    17.916      *      0.043
    2    1   14     7.550      *      0.056
    7    2   10     5.657      *      0.051
    9    4    1    10.770      *      0.045
    8    1    9    14.595      *      0.056
    2    5   11    13.229      *      0.044
    1    8    2     5.385      *      0.042
    6    6    5     5.385      *      0.043
    3    7    6     6.928      *      0.043
    5    5    9    18.138      *      0.044
    9    1    7    19.000      *      0.056
    4    6    8    21.703      *      0.043
   10    0    4    32.326      *      0.061
    0    2   14    20.149      *      0.051
    7    4    8    11.446      *      0.046
    7    6    1     8.307      *      0.043
   10    2    2     9.487      *      0.051
    7    5    6    11.958      *      0.044
    9    3    5    16.093      *      0.048
    2    8    0     5.000      *      0.042
    8    4    6    10.000      *      0.046
    4    5   10    23.622      *      0.044
    4    7    5    15.232      *      0.043
    9    4    2    20.640      *      0.046
    2    8    1     9.274      *      0.042
    1    2   14    11.091      *      0.051
    5    6    7    12.450      *      0.044
    0    8    3    22.672      *      0.042
    8    5    3    26.038      *      0.044
    2    7    7    29.479      *      0.043
   10    1    4    15.524      *      0.056
    5    7    3    10.724      *      0.043
    3    4   12     9.950      *      0.046
    7    6    2     7.550      *      0.044
    3    6    9     8.367      *      0.044
    6    5    8    13.229      *      0.044
    4    2   13     0.000      *      0.051
    1    8    3    11.916      *      0.043
    6    0   12    21.726      *      0.061
    3    0   14     6.481      *      0.061
    2    8    2     3.464      *      0.043
    0    6   10     3.162      *      0.044
   10    2    3     0.000      *      0.051
    3    3   13     2.828      *      0.048
    9    4    3    13.342      *      0.046
    1    6   10     5.196      *      0.044
    8    3    8    23.302      *      0.048
    2    2   14    21.541      *      0.052
    6    1   12     9.487      *      0.057
    3    1   14     5.568      *      0.057
    8    2    9     8.426      *      0.052
    7    6    3     8.888      *      0.044
    3    5   11    15.362      *      0.045
    9    2    7    13.675      *      0.052
    0    8    4    10.247      *      0.043
    8    5    4    17.833      *      0.045
    7    1   11    38.846      *      0.057
    2    8    3    12.083      *      0.043
    5    7    4     4.359      *      0.044
    6    3   11    10.630      *      0.048
    6    6    6    29.648      *      0.044
    0    4   13    40.361      *      0.046
    5    4   11     6.928      *      0.046
    1    8    4     2.646      *      0.043
    6    4   10     3.464      *      0.046
    9    0    8    16.763      *      0.062
    3    8    1    17.088      *      0.043
    9    3    6    13.153      *      0.049
    5    1   13    13.077      *      0.057
    1    7    8    12.410      *      0.044
    5    3   12    14.422      *      0.049
   10    1    5    16.733      *      0.057
    3    7    7    17.607      *      0.044
   10    2    4    19.519      *      0.052
    2    6   10    14.142      *      0.044
    4    7    6    15.067      *      0.044
    1    4   13    13.528      *      0.046
   10    3    1    11.619      *      0.049
    7    5    7    10.863      *      0.045
    9    4    4     4.123      *      0.046
    8    4    7     9.327      *      0.046
    7    3   10    13.077      *      0.049
    9    1    8     6.928      *      0.060
    3    8    2     8.485      *      0.046
    8    0   10     4.899      *      0.064
    7    6    4     8.426      *      0.047
    6    7    1    10.149      *      0.046
    1    5   12     7.348      *      0.048
   10    3    2    24.290      *      0.051
    4    4   12    19.975      *      0.050
    4    6    9    16.793      *      0.047
    2    8    4    12.961      *      0.046
    5    6    8    15.906      *      0.047
    7    4    9    14.629      *      0.050
    6    2   12     7.483      *      0.055
    3    2   14     5.831      *      0.055
    2    7    8     8.124      *      0.046
    8    1   10     9.274      *      0.060
    1    3   14     6.856      *      0.051
    0    8    5    15.620      *      0.046
    4    0   14     9.327      *      0.065
    5    5   10     1.414      *      0.048
    8    5    5     1.414      *      0.048
    2    4   13    14.177      *      0.050
    5    7    5    18.330      *      0.046
    6    7    2     8.602      *      0.046
    7    2   11    10.677      *      0.055
    3    8    3     5.000      *      0.046
    4    3   13     3.873      *      0.052
   10    0    6    10.000      *      0.065
    1    8    5    15.875      *      0.046
    6    5    9    26.495      *      0.048
    5    2   13    12.410      *      0.055
   10    3    3    11.358      *      0.052
    4    1   14     4.000      *      0.060
   10    2    5     2.828      *      0.055
    1    1   15     9.327      *      0.060
    2    5   12     5.745      *      0.048
    4    5   11     4.899      *      0.048
    3    6   10     2.236      *      0.047
    9    4    5     0.000      *      0.050
   10    1    6     3.000      *      0.060
    6    6    7     7.000      *      0.047
    2    3   14    19.900      *      0.052
    9    2    8    13.115      *      0.055
    8    3    9    12.649      *      0.052
    4    8    0    23.707      *      0.046
    6    7    3    20.347      *      0.047
    7    6    5    21.000      *      0.047
    9    3    7    10.198      *      0.052
    4    8    1     4.123      *      0.046
    4    7    7     0.000      *      0.047
    2    8    5     0.000      *      0.046
    0    6   11     0.000      *      0.047
    9    5    0     0.000      *      0.049
    3    8    4     5.385      *      0.046
    9    5    1    11.446      *      0.049
    8    2   10     6.000      *      0.055
    3    7    8     3.162      *      0.047
    2    1   15    13.000      *      0.061
   11    1    0    20.664      *      0.061
    1    6   11    26.796      *      0.047
    4    8    2     9.644      *      0.046
    8    6    0    11.402      *      0.047
    3    4   13     8.426      *      0.050
   10    3    4     9.165      *      0.052
   11    0    2    16.971      *      0.065
   11    1    1    13.153      *      0.061
    7    5    8    26.192      *      0.049
    1    7    9    25.846      *      0.047
    8    4    8    10.392      *      0.050
    0    2   15    11.958      *      0.055
    8    6    1     7.211      *      0.048
    0    8    6    12.329      *      0.046
    8    5    6    14.491      *      0.049
    7    0   12     5.916      *      0.065
    5    7    6     2.449      *      0.047
    9    5    2    10.100      *      0.049
    4    2   14    21.656      *      0.056
    1    2   15     6.164      *      0.056
    1    8    6     4.359      *      0.046
    6    7    4     4.359      *      0.047
   11    1    2     7.211      *      0.061
    9    1    9     7.746      *      0.061
    3    5   12    20.372      *      0.049
    8    6    2    21.166      *      0.048
    6    4   11    12.570      *      0.050
   10    2    6    15.843      *      0.056
    6    1   13     2.000      *      0.061
    7    1   12     2.000      *      0.061
    4    8    3     1.414      *      0.046
    6    3   12     8.367      *      0.052
    3    3   14    24.187      *      0.052
    2    6   11    27.477      *      0.048
    9    4    6    22.672      *      0.050
    5    4   12    17.378      *      0.050
    5    6    9    19.900      *      0.048
   10    4    0    30.935      *      0.050
    2    7    9    22.956      *      0.047
    7    3   11     5.000      *      0.052
    9    5    3     4.243      *      0.049
    7    6    6     3.464      *      0.048
   10    4    1     5.292      *      0.050
    3    8    5     9.592      *      0.047
    5    0   14     4.000      *      0.066
    4    6   10     0.000      *      0.048
   10    1    7     0.000      *      0.061
    7    4   10     0.000      *      0.050
   11    1    3    11.489      *      0.061
    2    2   15     8.062      *      0.056
    2    8    6     1.000      *      0.047
    3    1   15     3.000      *      0.061
    5    3   13     1.414      *      0.052
    8    6    3     1.414      *      0.048
   10    3    5    12.689      *      0.052
   11    2    1    26.230      *      0.056
    0    4   14    18.682      *      0.050
    6    6    8    16.523      *      0.048
   10    4    2    20.616      *      0.050
    5    1   14    18.303      *      0.061
    8    1   11    19.925      *      0.061
    5    5   11    18.111      *      0.049
    6    5   10     9.644      *      0.049
    9    3    8     9.165      *      0.053
    1    4   14    11.136      *      0.050
    4    8    4    14.799      *      0.047
    6    7    5     9.381      *      0.047
    7    7    0    13.191      *      0.047
   11    0    4    17.692      *      0.066
    4    7    8    20.224      *      0.047
   11    2    2    11.958      *      0.056
    9    2    9    12.042      *      0.056
    1    5   13    16.371      *      0.049
    7    7    1    14.697      *      0.047
    4    4   13     8.544      *      0.051
    9    5    4    13.342      *      0.049
    0    8    7     4.796      *      0.047
    5    8    1     0.000      *      0.047
    6    2   13     0.000      *      0.056
    7    2   12     0.000      *      0.056
    8    5    7     0.000      *      0.049
    8    3   10     0.000      *      0.053
    5    7    7     0.000      *      0.047
    3    6   11     1.000      *      0.048
   10    4    3     0.000      *      0.051
   11    1    4     4.583      *      0.062
    8    6    4     1.000      *      0.048
    1    8    7     2.236      *      0.047
    7    7    2     3.873      *      0.047
    3    7    9    17.059      *      0.047
    4    5   12    26.249      *      0.049
    5    8    2     7.550      *      0.047
   10    2    7    10.050      *      0.057
    7    5    9    10.583      *      0.049
    2    4   14    10.000      *      0.051
   11    2    3    14.832      *      0.057
    8    4    9    15.875      *      0.051
    3    2   15     5.916      *      0.057
    3    8    6     8.124      *      0.047
    4    3   14     8.485      *      0.053
    9    4    7     8.062      *      0.051
    1    3   15     7.550      *      0.053
    2    5   13     3.873      *      0.049
    9    0   10    16.733      *      0.066
    0    0   16    36.919      *      0.066
   10    0    8    26.665      *      0.066
    1    7   10    18.248      *      0.048
    5    2   14    17.720      *      0.057
    8    2   11    18.947      *      0.057
   10    3    6    15.875      *      0.053
    7    6    7    16.613      *      0.048
    1    9    0    25.475      *      0.047
    0    6   12    14.248      *      0.048
    4    8    5     9.434      *      0.047
    7    7    3    11.091      *      0.048
    1    0   16    21.909      *      0.066
    1    9    1     9.487      *      0.047
    2    8    7     7.000      *      0.047
   10    4    4     6.083      *      0.051
    5    8    3     6.481      *      0.047
    4    1   15    15.100      *      0.062
    9    1   10    15.395      *      0.062
    1    6   12     4.000      *      0.048
   10    1    8    13.115      *      0.062
    9    5    5     4.690      *      0.049
    6    7    6    23.979      *      0.048
   11    1    5    38.769      *      0.062
    2    3   15     3.606      *      0.053
    1    1   16     8.832      *      0.062
   11    3    0     3.000      *      0.053
    1    9    2     8.485      *      0.047
   11    2    4    15.556      *      0.057
    5    6   10    17.607      *      0.049
    8    6    5    17.944      *      0.049
   11    3    1    16.062      *      0.053
    2    7   10    25.377      *      0.048
    2    0   16    31.859      *      0.066
    6    4   12     1.000      *      0.051
    6    6    9     0.000      *      0.049
    3    4   14     0.000      *      0.051
    2    9    1     1.000      *      0.047
    7    7    4    21.354      *      0.048
    3    5   13    10.440      *      0.050
   11    3    2    10.954      *      0.053
    2    6   12     9.747      *      0.049
    9    3    9    12.689      *      0.053
    6    0   14    23.195      *      0.066
    4    6   11    14.765      *      0.049
    7    4   11    18.138      *      0.051
    0    8    8    25.417      *      0.047
    5    8    4    15.100      *      0.047
    8    5    8    23.495      *      0.050
    4    7    9    19.900      *      0.048
    1    9    3    17.635      *      0.047
    7    1   13    11.091      *      0.062
    5    7    8     9.592      *      0.048
    6    3   13    11.832      *      0.053
    7    3   12    12.083      *      0.053
    2    1   16    11.446      *      0.062
    2    9    2    13.379      *      0.047
    8    0   12    27.185      *      0.066
    5    4   13    12.649      *      0.051
    1    8    8    14.353      *      0.047
   10    4    5    20.125      *      0.051
    3    8    7    21.024      *      0.048
    4    2   15    18.412      *      0.057
    6    1   14    17.889      *      0.063
    9    2   10    17.321      *      0.057
    4    8    6    14.071      *      0.048
    0    2   16    15.199      *      0.057
   11    0    6    17.234      *      0.066
   10    2    8    13.153      *      0.057
    6    5   11    24.021      *      0.050
   10    3    7    25.357      *      0.054
   11    3    3    16.583      *      0.054
    9    4    8    15.620      *      0.051
    8    1   12    15.395      *      0.063
    9    6    1    12.450      *      0.049
   11    2    5    13.304      *      0.057
    1    2   16     9.747      *      0.057
    9    5    6    11.180      *      0.050
    3    3   15     9.220      *      0.054
    5    5   12    11.045      *      0.050
    6    8    0    30.692      *      0.048
    7    6    8    24.940      *      0.049
    3    7   10     8.307      *      0.048
   11    1    6     9.327      *      0.063
    6    8    1     2.449      *      0.048
    2    9    3     3.000      *      0.047
   10    5    1     9.798      *      0.050
    5    3   14    16.971      *      0.054
    8    3   11    18.221      *      0.054
    8    6    6    12.042      *      0.049
    3    9    0     9.695      *      0.047
    6    7    7     8.602      *      0.048
    7    5   10    26.211      *      0.050
    1    9    4     9.434      *      0.047
    3    0   16    21.119      *      0.067
    9    6    2     8.775      *      0.049
    2    8    8     5.292      *      0.048
    8    4   10     6.708      *      0.051
    3    9    1     7.141      *      0.047
    7    7    5    22.935      *      0.048
    3    6   12     7.810      *      0.049
