       31      30      31      37      37      32      35      42
       34      39      32      32      34      32      41      27
       29      33      41      33      26      30      31      41
       36      27      30      33      35      34      29      30
       32      45      41      39      41      34      43      36
       36      34      35      36      38      41      31      37
       38      42      35      44      42      44      42      52
       57      54      72      77     119     176     307     538
      873    1225    1473    1600    1505    1229     913     572
      351     246     173     135     125      90      90      67
       62      51      39      46      51      49      58      46
       43      41      36      40      38      38      35      30
       34      35      37      34      34      31      42      36
       38      26      33      29      31      36      33      35
       45      40      28      25      35      32      27      28
       34      29      36      37      24      28      34      31
       25      28      28      48      28      30      25      35
       29      34      29      29      32      27      34      29
       31      31      33      36      38      40      36      32
       35      37      28      39      29      27      30      29
       34      31      34      36      38      39      31      40
       33      26      31      38      30      40      25      35
       42      32      29      31      54      22      36      23
       33      28      40      40      36      31      28      29
       35      30      37      30      32      34      29      39
       33      31      29      36      40      30      41      33
       32      33      32      37      30      31      37      34
       29      38      31      38      40      35      31      37
       32      35      35      27      32      46      36      41
       42      31      36      36      21      45      35      35
       36      45      33      43      43      33      35      45
       46      38      39      33      38      48      45      38
       38      50      38      48      42      42      28      48
       37      38      50      32      45      43      44      45
       42      47      57      45      50      37      42      57
       40      53      48      50      47      58      53      54
       63      64      72      78      83      93     100     112
      122     175     205     318     497     930    1612    2448
     3466    4170    4446    4130    3395    2422    1500     840
      469     293     220     157     133     102      97      98
       80      83      75      65      62      59      54      52
       54      54      54      49      55      56      45      37
       52      40      50      44      44      42      35      44
       45      35      44      43      37      42      35      47
       43      30      31      45      45      38      36      30
       34      39      33      31      34      38      46      36
       27      34      39      37      47      40      39      47
       60      62      62      52      45      43      48      42
       43      48      58      66      83      81      76      63
       56      53      34      44      34      38      32      33
       37      29      41      27      32      29      32      27
       39      34      32      27      30      31      22      40
       37      40      35      28      25      38      31      43
       29      28      31      29      38      29      32      37
       34      34      39      36      32      34      34      29
       14      34      34      32      25      27      28      30
       30      27      33      30      30      33      31      28
       30      21      29      38      18      29      26      26
       46      29      32      22      27      26      25      37
       32      42      20      30      27      23      32      43
       35      35      20      17      30      33      25      38
       43      35      31      19      38      28      28      28
       26      33      26      24      27      19      34      27
       37      34      30      31      29      30      34      27
       33      35      35      37      37      37      46      33
       40      48      51      46      58      63      64      68
       79     106     154     259     471     831    1298    1682
     2071    2206    1978    1550    1080     636     360     212
      128     143     133     153     173     203     233     251
      258     246     224     201     162     131     113      96
       76      59      58      52      41      44      39      37
       41      35      32      45      42      29      45      38
       42      45      35      35      35      25      43      25
       25      35      40      30      38      33      31      34
       33      31      26      27      28      39      26      34
       22      25      32      32      24      30      37      32
       29      25      32      32      29      30      25      30
       38      28      35      28      27      38      33      38
       22      25      28      33      37      26      38      26
       38      26      27      38      31      28      41      31
       30      21      38      31      34      39      29      31
       39      36      36      34      36      31      18      34
       33      31      37      32      31      37      38      27
       31      37      27      41      36      44      39      42
       35      27      29      29      34      34      30      31
       34      29      32      34      42      37      42      40
       45      42      37      35      36      35      45      42
       37      45      28      32      40      38      31      35
       41      31      46      35      38      35      36      33
       38      35      39      33      41      43      41      39
       31      39      31      46      39      36      44      53
       39      49      26      42      47      39      49      49
       54      39      47      44      47      41      45      54
       44      44      47      35      50      45      30      57
       42      44      42      49      47      40      43      52
       33      38      47      35      43      45      43      45
       45      53      50      60      58      46      47      60
       53      53      58      41      56      55      56      63
       50      59      61      81      94     109     159     251
      388     505     631     670     623     533     398     279
      164     107      87      79      66      74      64      71
       61      56      62      67      54      65      60      57
       57      57      50      57      57      65      54      60
       47      77      65      60      65      45      53      43
       67      55      65      55      72      60      65      57
       62      60      61      56      57      61      53      55
       56      56      63      61      73      60      71      61
       56      66      66      53      59      63      68      77
       71      69      59      69      66      59      67      76
       67      69      59      81      79      82      67      94
       64      62      79      59      87      77      64      72
       77      60      75      87      83      77      87      77
       75      82      85      85      77      83      80      90
       88      95      90      90      81      96     101      98
      101     113     118     105     111     121     121     113
      123     118     124     144     149     161     179     211
      247     297     369     550     869    1574    2675    4164
     5526    6858    7486    7227    5998    4428    2821    1599
      892     560     435     360     328     293     288     268
      242     227     199     193     167     182     168     157
      192     217     278     393     531     664     737     819
      792     679     546     394     283     200     161     148
      147     128     116     121     133     120     126     133
      154     174     213     319     502     702     969    1222
     1407    1365    1252     991     731     485     310     224
      182     156     139     123     128     122     117     101
      121      94     106     102     116     101     111      89
      109     106      94      90     102      99      92      76
       92      94     110      92      80     100      92      92
       89     103      78      82      87      85      86      82
       92      97      82     102     100      90      87      92
       88      90     103      96      97      88      86      86
       90      88      95      93      80      95      79      88
       83      86      81      84      79      89      94      78
       83      91      78      96      89      81      97      86
       94      94      97      86     102      92     104      81
       91      82      94      84      92      84      99      95
       89      87      94      89      82      99      94      84
       82      78      95      87      83      85      83     103
       80      87      95      85      92     100      93      98
       93      90      98      91     100      96     106      91
      106      96      83      91     106      91      86      91
       81      99      89      88      86      99      96     101
       98      98      79      92      84      86      96     104
       94      94      97     101      92     104      87      97
       89      87      85      90      89      85      99      94
       84      97      90      91      97      94     100      90
       95      93      94      80      98      93      95     107
      100      87      97     100      93     103     110      88
       83      91      80      98      83      90      81      93
      100      96     101      88     116      96      99      93
       88      94      84      94     104      93      89     106
       93      96     102     109      99      99      96      97
       87     111      87      99      96      91     104     102
       94      95     100      90     104     100      97     104
       97      92      92      95      97     105      98      90
       98      87      90     115     112     102     115      95
       93     112     110     115     103      96      97     111
      120     103     111     115      98     120     121     118
      131     126     125     133     148     144     169     196
      252     349     527     776    1115    1355    1510    1520
     1313    1039     728     445     294     226     179     164
      154     142     136     136     155     136     141     145
      130     140     155     172     149     159     168     183
      197     170     192     202     213     223     222     235
      231     230     235     248     266     290     348     474
      654    1016    1570    2396    3288    4196    4849    5114
     4785    4171    3238    2285    1520     988     657     475
      369     284     259     214     196     203     184     166
      159     169     153     151     151     161     149     151
      134     149     146     149     157     142     149     162
      147     142     141     146     149     155     155     142
      160     161     172     162     192     187     207     207
      228     229     273     292     363     409     534     747
     1164    1876    3188    4951    6875    8688   10000    9945
     8801    6917    4776    2920    1600     985     675     499
      409     363     337     332     289     309     306     307
      329     327     324     322     352     329     286     274
      231     227     191     174     159     151     153     149
      129     144     139     131     127     121     127     119
      116     124     122     127     117     102     114     107
      120     124     114     124     120     105     115      97
      130     110     102     107     110     103     107     115
      117      83     108      95     103     102     110     112
       98     103     111     108      96      83     110     103
      108     113     113     105     105     101      98      98
      103     111     106      91      99      98      96     114
       91      93     103     111     101     106     102     107
      101      99     104     105     111     112     111      96
      112     111     116     147     149     152     184     232
      327     536     739    1027    1248    1368    1371    1185
      912     647     416     263     190     163     153     133
      130     102     127     105     122     113     120     100
      103     113     108     110     123     108     111     115
      128     118     113     121     118     101     111     103
      111     114     121     104      91      98     118      98
      111     101      89      89     104      96      94     111
      102      97     119     117     116     137     136     147
      155     215     267     363     436     511     568     558
      571     485     398     303     227     197     135     130
      112     103     102     113      90      97      98      90
       95      88      92      83      90     100      97      93
       96      93      81      86      96      95      86      91
       85      95      68      86      87      83      91      88
      101      91      76      77      94      81      83      89
       83      83      88      93      86      96      91      76
       89      82      96      91      89      86      87      99
       77      86      77      77      77      79      80      82
       90      79     109      79      95      97      85      79
       85      86      85      77      83      84      87      80
       87      77      93      82      80      77      90      91
       81      82     103      91      83      86      86      87
       91      85      95      91      96      84      91      96
       91      96      93      89      84     101      83      93
       93      91     104     109     121     126     137     154
      192     239     304     405     496     610     656     664
      598     550     438     335     230     160     132     109
      127      91     101      87      94      91      91      91
       86      99      66      88      78      76      78      81
       93      86      98      89      81      83      86      85
       81      85      78      86      85      88      72      86
       81      72      76      77     105      85      87      97
       87      83      93      85      82      90      88      82
       77      87      75      95      82      74      94      90
       85      80     104     119     135     144     177     219
      262     247     244     217     192     157     129     127
      117     121      94     101      91     102     103     114
      126     148     143     143     153     134     123     103
      109      99      86      84     101      78      78      98
       88      95      81      88      85      83      75      95
       78      85      90      93      76      81      91      83
       80      78      78      90      83      88      80      92
      102      78      92      87      90      92      87      85
       89      99      90      89     100      80      94      90
      102      89     122     105     102     112     113     121
      136     142     185     215     305     453     716    1075
     1564    2091    2457    2587    2507    2138    1534    1002
      620     374     246     201     163     151     123     118
      101     108     111     115     105     101     102     103
       98     110     110      96     103     106     118     115
      108     120     113     107     108     112     128     105
       87      97      98      92     100      80      82      80
       93      90      92      94     100      85     109     110
      144     149     179     197     205     205     180     177
      142     117     101      97      72      87      76      79
       84      73      77      78      73      68      64      84
       85      73      78      78      71      79      81      71
       79      76      65      73      83      75      80      68
       88      91      78      86      58      73      76      75
       65      70      70      81      72      85      82      82
       85      73      72      68      87      80      85      75
       78      74      82      74      85      84      70      82
       92      87      84      79      74      80     104      99
       99     120     137     180     237     302     400     445
      478     452     379     309     216     179     137     111
       96      96      88      99      94     101      96     103
      103     101     113     119     114     118     121     141
      141     171     171     234     288     411     595     856
     1254    1718    2222    2548    2787    2724    2468    1997
     1588    1119     763     551     423     331     281     230
      190     168     187     173     155     153     152     147
      145     135     145     152     177     194     232     285
      350     483     709    1005    1419    1838    2276    2579
     2687    2705    2412    2158    1682    1333    1030     811
      728     741     856    1004    1100    1139    1072     899
      728     517     365     237     181     151     134     124
      116     103     101     100     101     100     113      95
      115     131     128     150     170     161     155     143
      120     103     105      97      98      85      83      82
       85      85      74      78      75      67      83      78
       62      72      70      64      69      75      69      64
       69      67      68      69      67      66      66      66
       76      61      69      67      57      69      66      71
       54      56      59      63      61      64      66      59
       54      61      58      51      59      61      56      60
       58      55      56      45      51      66      61      62
       51      61      53      58      55      58      57      58
       52      53      76      63      60      65      63      45
       60      63      64      64      55      49      64      57
       59      54      57      64      54      60      49      65
       54      52      59      54      51      51      47      57
       57      58      52      53      54      57      49      56
       52      56      54      53      51      56      56      48
       51      63      53      56      44      59      44      48
       55      56      48      55      63      46      55      46
       56      51      48      51      46      48      46      58
       57      43      48      53      60      47      57      60
       50      53      55      45      47      45      54      57
       47      54      57      54      60      47      49      50
       59      49      50      57      59      44      44      57
       51      52      47      56      51      47      46      57
       58      44      46      53      41      46      51      54
       68      74      79      86     104     134     161     164
      171     157     121     116      96      73      56      60
       56      60      50      56      55      43      51      56
       60      52      68      58      58      62      62      70
       48      57      62      52      57      58      63      55
       65      60      67      65      57      55      77      74
       74      70      79      74      77      84      79      82
       74      84      90      89      94      95     112     117
      118     144     169     202     260     317     413     457
      512     566     593     591     626     715     914    1265
     1824    2680    3612    4540    5220    5466    5137    4375
     3248    2246    1398     828     515     381     298     266
      236     238     251     248     259     263     249     203
      203     171     141     130     120     120     108     120
      113     123     118     127     115     130     128     123
      128      98     100     101      82      80      82      80
       75      69      61      59      61      61      62      57
       51      46      51      44      44      49      46      51
       44      49      44      39      43      36      44      45
       39      41      49      50      43      48      58      55
       56      76      86      86      94      98     109      95
       85      78      60      63      60      53      53      54
       40      42      38      38      37      28      32      33
       34      37      37      30      45      30      44      35
       39      39      44      29      35      29      35      40
       22      30      29      34      26      42      46      34
       32      31      29      34      37      31      46      42
       29      32      41      41      53      39      56      49
       46      48      39      38      41      26      34      36
       28      29      26      31      28      41      35      35
       21      35      30      28      30      33      23      31
       30      30      25      30      33      35      27      35
       28      29      27      25      32      30      30      37
       32      30      31      34      35      29      32      29
       30      27      25      39      32      42      27      34
       22      26      21      34      24      31      24      37
       32      39      42      46      46      46      43      46
       41      41      34      31      33      36      33      19
       33      31      23      28      40      25      35      28
       28      26      43      43      45      56      58      68
       91     101     130     130     153     133     131     111
       88      83      65      52      45      57      48      55
       47      60      65      55      55      60      72      82
       82     108     134     185     247     366     461     566
      674     746     774     766     692     576     503     373
      289     250     214     197     192     185     172     141
      132      91      81      68      64      71      79      83
      104     129     162     191     194     189     172     146
      113      84      61      50      41      48      35      43
       33      26      28      29      33      23      27      33
       22      27      32      28      32      25      18      32
       32      23      27      23      30      25      30      22
       22      19      27      27      30      27      24      20
       12      17      24      24      29      27      31      27
       26      26      27      44      37      54      46      44
       51      57      59      94     127     159     206     269
      324     335     342     286     241     186     119      78
       54      55      33      30      26      33      18      38
       23      23      30      20      20      26      18      20
       17      23      25      30      27      37      28      29
       25      32      35      27      23      30      30      54
       49      50      59      64      77      77      80      79
       65      55      39      29      27      20      24      21
       22      24      14      17      14      16      29      17
       12      26      27      31      14      11      18      16
        9      11       9      11      16      21      18      16
       13      20       8      13      23      20      15      17
       15      16       5      18      10      19      22      20
       21      17      15      21      16      11      11      17
       18      23      18      14      13      13      19      11
       18       6      13      25      20      13      20      13
       10      17      27      18       0      20      25      15
       17      20       9       9      19      29      17      19
       16      14      11      21      13      19      21      14
       11      23      14      16      20      23      23      20
       13      20      15      17      22      23      20      22
       15      24      15      17      14      22      20      12
       17      19      16      17      11      22      21      26
       11      21      23      16       8      13      16      18
       31      25      26      36      35      50      72      80
       95      92      95      90      83      67      55      62
       50      54      85     110     127     135     132     122
      114      81      69      48      51      33      29      21
       15      18      23      18      21      20      15      20
       20      27      18      18      20      17      17      25
       22      20      22      19      24      19      27      21
       31      17      22      32      38      36      46      54
       46      48      56      43      35      35      31      30
       25      25      20      23      22      25      10      20
       22      15      24      24      14      22       7      22
       16      26      16      17      16      24      12      21
        7      26      21      31      31      18      24      28
       13      29      34      28      24      19      28      28
       21      24      25      15      23      26      31      18
       20      25      15      26      23      20      25      28
        8      20      17      17      28      18      23      25
       15      13      23      33      18      19      20      23
       24      14      25      14      17      19      19      20
       25      22      20      25      26      25      26      17
       26      21      29      26      34      31      36      39
       46      54      67      92      94     155     207     300
      380     437     497     508     485     393     282     207
      133      94      64      48      44      34      38      48
       35      28      21      23      23      26      21      18
       19      36      26      21      23      23      28      20
       28      13      23      20      23      22      27      25
       22      23      18      17      25      25      24      24
       27      25      25      27      25      24      35      36
       27      30      20      34      32      24      26      32
       29      24      19      21      27      22      23      29
       26      34      26      21      28      28      23      23
       23      21      23      24      28      14      23      31
       21      28      24      30      26      27      31      26
       30      25      28      21      25      26      27      30
       13      21      13      27      27      22      22      30
       22      25      27      25      18      27      23      18
       17      23      29      22      27      20      25      27
       19      27      25      39      25      39      52      44
       60      74     102     129     150     162     179     152
      139     112      81      56      49      41      37      31
       34      28      39      29      26      23      26      33
       31      29      28      29      31      44      45      48
       63      55      63      75      75      73      70      70
       65      60      46      47      43      48      43      40
       40      38      28      32      32      33      37      27
       27      35      30      33      34      23      25      22
       39      25      26      32      30      25      25      26
       30      31      34      29      29      24      24      26
       26      29      24      29      22      27      26      29
       27      19      29      31      31      33      21      31
       28      41      28      39      28      44      33      29
       30      39      31      33      26      36      31      36
       33      25      33      30      30      21      25      20
       31      25      31      27      28      23      33      37
       30      37      32      37      25      32      37      33
       35      32      33      40      34      44      35      40
       39      39      50      62      80      90     117     142
      185     207     247     268     280     280     275     242
      232     169     136     107      92      81      84      84
       67      84      89      97     131     157     204     265
      315     349     382     382     349     324     256     237
      222     201     228     269     309     311     319     324
      287     229     189     136     104      78      66      65
       51      52      48      45      31      40      46      33
       43      36      50      46      31      36      38      39
       33      38      33      34      30      40      43      43
       37      47      43      58      52      43      67      52
       50      43      40      50      37      43      45      43
       45      50      47      45      52      52      44      50
       49      49      50      62      52      55      64      77
       88     110     132     183     223     303     345     433
      464     468     496     478     431     426     358     298
      260     213     172     129     117     110      92      64
       69      57      47      44      46      39      41      39
       37      37      31      37      36      36      34      26
       31      36      37      24      34      31      37      32
       36      27      22      27      24      34      31      19
       36      26      26      26      31      31      33      38
       36      34      29      34      31      29      36      29
       31      34      36      34      44      34      28      26
       39      28      29      36      34      35      26      28
       35      38      33      36      33      45      41      63
       60      88      79      89      96     106      96      86
       68      75      65      53      36      45      43      41
       31      32      31      36      50      40      43      55
       60      65      67      85      98      98      91      95
       98      91      85      78      95      88      89      97
       88      85      70      73      55      62      77      75
       97      97     113     108      92      95      77      70
       57      54      45      42      40      32      37      30
       34      24      37      37      34      29      25      30
       31      37      30      27      25      30      22      30
       34      29      29      34      30      32      39      29
       29      39      42      51      59      57      69     104
      104     122     134     127     140     127      96      99
       84      72      66      76      49      41      37      32
       41      34      36      31      34      41      28      36
       26      33      43      29      31      39      38      53
       49      46      58      61      68      88      71      86
       79      71      73      76      74      56      59      46
       47      36      34      43      34      30      33      28
       35      38      33      35      30      31      25      26
       35      25      26      21      16      23      30      26
       33      36      23      26      27      35      30      21
       31      25      33      30      28      22      35      32
       33      23      22      28      33      22      28      29
       32      22      35      30      23      27      28      30
       28      25      26      28      32      25      27      22
       27      35      25      40      28      35      30      37
       34      50      35      49      64      60      55      50
       59      47      40      52      37      32      27      34
       32      25      29      27      34      22      22      25
       30      24      29      27      24      27      16      34
       36      29      31      26      36      34      34      36
       27      31      41      44      41      63      66      97
      116     116     128     119     106     124      96      66
       63      45      50      38      35      36      40      35
       30      26      36      25      26      33      31      27
       28      30      27      32      30      37      35      30
       27      33      22      35      32      30      44      27
       29      35      40      47      45      47      64      69
       67      84      97     117     117     139     172     175
      184     194     192     182     154     136     102      71
       52      44      41      41      38      39      26      33
       33      33      33      34      31      34      26      33
       34      28      31      33      36      41      51      40
       51      48      55      71      43      55      71      56
       43      57      45      37      37      32      28      29
       30      35      27      32      27      38      37      39
       34      32      35      32      42      34      40      32
       37      44      32      29      32      44      41      41
       31      27      37      47      39      52      42      36
       42      37      44      26      46      36      33      44
       39      31      41      36      34      54      43      44
       41      44      39      51      51      56      53      61
       60      61      73      81     100     115     125     130
      145     131     138     125     113     103      98      85
       85      80      90      87     122     133     178     228
      291     381     517     624     779     912     998    1090
     1126    1138    1100    1100    1050    1003     928     869
      764     669     586     484     368     306     250     189
      145     127     114      89      80      82      90      71
       86      81      74      92     122     109      97     109
       92      89      79      61      56      61      36      49
       54      38      51      53      49      53      38      46
       43      39      36      48      48      53      50      56
       51      50      65      55      70      76      86      98
      131     166     213     301     376     502     618     707
      753     727     684     567     421     316     225     153
      117      85      85      63      70      57      47      57
       55      47      50      52      55      42      60      39
       59      50      51      42      45      47      40      57
       44      34      34      42      34      37      46      34
       42      39      37      39      32      36      49      36
       41      41      39      49      34      36      44      39
       40      48      34      43      34      36      46      36
       41      48      28      34      39      33      33      46
       36      38      31      38      41      33      36      36
       35      36      35      38      33      36      40      35
       35      35      33      38      35      35      37      30
       28      30      30      37      35      32      38      37
       37      35      33      32      38      40      30      37
       38      32      32      37      35      38      35      23
       37      42      42      43      35      48      43      47
       45      52      57      60      53      75      72      70
       68      52      55      59      59      59      62      67
       75      87      90      88      98     105     103      92
      103     102      93     107     123     125     147     145
      160     133     135     107      93      77      59      69
       44      47      42      32      39      35      39      44
       49      34      37      42      47      37      38      34
       35      37      42      44      42      42      47      62
       49      44      50      47      45      47      64      60
       45      49      45      54      55      52      45      60
       59      65      82      90     100     120     125     160
      189     252     337     440     553     681     791     899
      964    1002     970     967     867     796     687     559
      461     380     287     233     179     147     129      97
       95      87      72      73      64      59      51      62
       59      54      51      47      36      49      52      42
       46      46      32      47      41      42      29      41
       39      27      36      42      32      34      44      36
       46      51      41      39      44      32      54      62
       71      72      89      79      92      92      77      74
       64      66      57      51      33      51      49      44
       41      51      44      37      46      47      52      51
       57      56      62      66      64      61      61      52
       57      46      47      52      51      42      43      52
       54      59      61      66      66      77      82      90
       92     104     104     115     130     142     150     162
      159     159     155     144     132      99      87      69
       62      59      55      56      50      44      47      40
       49      44      50      39      44      44      40      39
       40      49      40      41      45      39      37      47
       40      37      44      39      30      35      32      37
       37      37      39      35      42      37      34      40
       35      40      37      37      40      47      42      47
       42      40      41      42      39      47      45      37
       40      44      40      44      40      44      44      42
       44      44      44      42      43      49      52      49
       59      55      70      64      79      77      92      87
       94     102     100     104      99     107     110     107
      117     113     110     105     100      98      92      88
       77      72      74      60      70      62      57      55
       52      45      49      40      45      40      39      42
       40      47      37      35      37      34      44      42
       44      45      39      35      39      40      40      39
       40      29      39      34      34      44      35      40
       41      45      40      35      49      34      44      42
       39      34      39      47      37      44      50      39
       39      39      37      37      44      42      40      44
       40      44      40      39      35      44      44      39
       49      47      47      50      59      59      67      72
       75      90      95     102     102     117     110     108
      105     103     102      95      95      92      97     105
      117     125     132     138     140     138     133     116
      110      96      76      67      60      55      57      48
       47      48      52      47      52      45      47      42
       38      45      48      43      46      48      45      48
       45      55      55      60      63      68      66      70
       78      81      95     120     140     174     219     294
      382     485     618     733     879     918     909     871
      756     618     479     359     282     201     163     133
      123     108     118     121     133     146     166     206
      249     274     302     332     340     352     334     307
      296     284     244     207     187     159     126     121
      101      96      76      74      68      58      63      58
       56      54      59      54      51      48      53      46
       46      48      51      49      49      43      48      44
       56      48      49      51      48      56      49      52
       46      49      46      54      56      57      62      57
       66      71      76      82      76      87      82      74
       74      67      68      59      57      61      69      84
       84      99     117     139     155     200     232     272
      297     302     292     283     260     227     194     154
      117      97      79      69      75      64      62      67
       60      70      72      77      87      89      99     102
      115     120     125     129     125     122     130     119
      109      97      85      77      60      59      54      52
       52      52      45      49      40      44      49      45
       40      47      39      47      42      39      50      42
       42      50      37      43      42      40      33      42
       37      47      45      33      37      37      32      32
       33      43      37      37      30      37      38      37
       37      37      35      33      30      33      38      45
       38      35      37      38      45      35      41      38
       43      31      43      35      38      41      40      36
       41      36      40      36      45      43      46      43
       45      53      46      48      48      50      61      58
       70      56      57      73      64      61      54      59
       61      56      49      54      55      53      48      53
       41      44      43      39      43      41      36      43
       39      33      43      34      41      34      36      34
       38      43      37      36      44      42      39      42
       44      46      51      44      42      44      49      44
       42      47      46      44      47      44      44      44
       46      51      51      47      56      47      59      69
       69      79      94     109     122     130     134     140
      149     149     145     137     129     130     122     115
      120     118     119     123     132     173     202     251
      320     406     471     551     621     672     685     634
      552     477     383     311     236     195     160     132
      125     110      95      87      90      65      63      60
       50      48      49      43      42      38      43      37
       40      40      36      41      33      43      43      40
       38      45      40      46      35      40      35      46
       38      36      45      50      43      38      45      48
       48      46      46      45      43      45      43      38
       36      43      41      43      39      41      39      38
       39      38      41      41      49      53      44      45
       39      46      41      39      43      49      41      44
       49      46      41      38      36      44      46      32
       39      41      41      41      44      36      34      41
       37      38      39      37      32      36      41      42
       29      41      34      31      36      34      36      37
       36      37      32      34      35      42      37      32
       37      39      32      37      38      40      30      39
       39      37      35      39      39      30      37      40
       35      40      47      45      42      44      47      45
       57      57      60      60      64      74      70      75
       80      83      87      97      93     100     105     113
      135     153     185     221     266     311     356     408
      462     458     444     426     394     356     313     263
      226     181     145     113      96      80      70      65
       67      58      52      58      47      50      53      45
       40      48      47      48      47      42      47      52
       43      40      45      41      48      56      51      40
       46      43      41      43      43      45      46      50
       46      45      43      53      54      56      53      63
       70      63      65      66      68      75      66      71
       70      68      71      70      63      70      58      53
       53      53      50      58      60      70      75      81
      101     113     119     138     156     174     177     178
      192     174     179     166     144     131     116      99
       94      74      73      63      59      60      63      54
       48      48      58      54      53      49      44      48
       46      49      46      43      41      44      41      39
       41      39      46      34      41      38      38      53
       38      39      40      37      39      44      47      34
       47      37      47      48      47      49      51      59
       47      54      54      67      64      72      79      87
      106     134     160     187     210     252     282     320
      340     353     378     367     358     343     333     313
      287     267     263     238     235     217     212     219
      229     225     215     230     213     223     224     210
      208     192     178     152     155     140     115     107
      102      90      72      69      62      67      69      60
       62      57      62      70      62      67      69      62
       57      57      57      49      45      42      39      42
       39      42      44      35      45      44      40      35
       42      39      42      35      47      40      49      54
       52      45      59      55      54      55      52      49
       47      53      45      52      48      47      43      45
       43      47      43      47      48      43      53      57
       72      70      85      88      89      88     100      98
       93      97      85      75      76      63      68      60
       63      50      53      50      53      43      47      48
       38      40      40      35      35      33      42      38
       39      40      35      38      40      37      42      43
       40      38      42      38      43      40      45      52
       50      43      58      65      80      88     108     116
      131     155     153     156     143     148     118      98
       86      72      63      50      48      50      46      48
       43      45      38      40      36      43      41      40
       46      40      40      45      50      51      61      63
       71      85      91     115     123     146     174     179
      198     218     223     234     253     241     244     246
      241     226     218     188     158     134     104      86
       66      66      50      53      48      41      50      43
       46      40      35      40      36      43      33      41
       38      31      40      35      38      41      35      38
       31      36      38      35      40      41      40      35
       33      36      46      41      43      38      44      54
       48      51      41      49      56      49      58      51
       61      53      49      48      48      38      36      39
       40      39      43      39      46      38      41      46
       46      46      46      38      46      49      54      44
       53      49      43      38      38      38      34      34
       38      34      28      38      36      39      34      36
       41      33      36      29      34      35      31      34
       31      33      38      39      36      39      34      24
       34      39      38      48      31      41      44      39
       46      53      48      61      49      61      69      61
       63      66      59      60      49      51      44      43
       46      43      46      46      49      49      59      54
       66      69      74      69      82      87      89      84
       87      99      94      96      92      93      94      99
       96     112     119     132     144     169     194     205
      244     272     290     310     300     294     262     234
      195     172     124      96      86      74      71      54
       47      46      51      46      49      47      42      44
       39      44      34      32      34      36      27      31
       37      38      36      41      42      42      37      38
       29      42      34      37      47      46      47      52
       54      57      47      57      62      56      49      52
       47      46      39      41      37      38      39      34
       41      41      37      38      29      36      39      42
       46      42      41      46      39      46      46      47
       52      64      59      56      64      62      69      57
       57      59      59      54      47      49      46      44
       42      40      34      40      41      42      40      39
       40      45      39      39      44      40      47      45
       47      44      49      49      49      45      44      49
       47      52      55      57      52      54      59      65
       64      67      72      79      79      75      80      95
      104     115     139     160     188     235     283     336
      405     476     524     578     603     617     611     581
      546     526     473     433     390     350     320     298
      268     231     213     200     173     160     153     157
      140     152     147     155     150     157     147     157
      150     132     130     127     135     128     123     127
      120     115     100      93      94      80      83      72
       85      74      78      80      85      75      85      85
       85      82      80      83      65      70      74      64
       67      62      62      69      70      75      72      75
       78      82      88      87      87      82      80      70
       75      72      67      65      75      65      65      65
       68      72      82      92     115     123     147     180
      206     260     280     303     313     324     325     328
      324     298     281     256     221     190     188     150
      132     123     112      97      87      83      78      73
       70      67      58      55      56      55      42      40
       40      48      42      42      45      43      48      42
       40      41      40      38      35      43      45      40
       38      35      40      37      37      37      40      35
       37      43      40      37      38      37      45      47
       45      53      60      60      75      76      92     100
      123     123     118     117     122     115     107      93
       87      83      77      62      58      59      52      48
       49      40      43      35      38      47      43      44
       28      38      35      35      43      45      43      42
       48      53      47      58      53      62      58      65
       70      67      55      65      62      65      63      68
       69      67      78      70      82      80      76      70
       73      65      67      57      58      63      48      53
       48      48      45      40      45      38      33      35
       40      40      38      37      38      33      30      37
       35      27      33      35      37      30      33      32
       30      37      35      35      42      32      32      33
       32      32      43      38      42      37      38      52
       43      45      43      57      53      57      55      43
       40      45      43      37      40      35      37      33
       35      38      42      38      35      35      35      28
       30      32      32      40      33      32      43      37
       42      27      37      35      38      37      45      43
       45      50      55      60      53      58      48      50
       48      57      43      47      47      47      48      43
       44      48      53      58      62      57      53      65
       63      62      75      75      80      86      90     110
      121     140     173     221     249     306     378     404
      449     487     502     522     526     527     492     482
      432     394     363     316     274     251     196     163
      135     125     103      90      75      70      78      63
       58      59      63      65      75      70      70      78
       85      81      86      83      72      78      72      75
       81      73      67      58      63      57      62      63
       65      53      58      62      65      65      70      65
       68      80      81      85      90      88      95      80
       63      72      63      60      53      55      42      47
       28      40      40      50      45      55      38      43
       40      40      37      47      43      32      35      37
       45      45      37      35      38      33      35      32
       28      40      33      35      35      27      32      37
       23      37      40      33      28      35      37      32
       32      38      32      38      33      35      37      33
       32      33      30      37      37      37      33      40
       33      43      37      38      33      34      42      38
       39      42      37      45      45      47      58      55
       62      70      73      81      88      89      95      98
      115     115     127     140     153     176     201     235
      253     295     329     359     369     394     404     398
      389     379     351     314     293     275     240     210
      180     161     130     123     113     100      93      75
       75      68      69      62      52      47      43      47
       43      42      42      43      44      37      38      40
       45      38      43      40      42      43      47      42
       55      47      67      65      78      77      85      80
       82      87      87     103     102      85      82      77
       64      70      59      54      57      42      44      44
       45      44      44      42      44      54      44      54
       57      49      54      54      50      57      47      42
       52      49      42      47      49      35      37      35
       34      40      35      40      30      34      35      36
       32      39      24      39      34      37      34      30
       37      47      34      39      44      34      42      42
       37      45      40      44      59      52      65      70
       87      98     100     103     115     118     123     117
      107     110     105      92      97      95     102     115
      130     144     157     182     183     198     210     218
      232     215     212     192     183     165     150     130
      137     129     130     127     130     140     142     153
      152     137     139     134     144     145     129     130
      115     110     104      94      92      95      85      89
       85      86      90      89      89      97     102      99
      105     110     102     102     102      99      99     100
       92      89      90      89      85      79      72      77
       72      74      87      89      85      95     107     134
      144     149     194     199     232     280     313     363
      380     420     428     436     400     367     333     287
      235     190     155     124     104      85      71      61
       56      54      57      49      52      39      41      46
       42      43      39      41      46      39      37      42
       44      32      31      39      32      32      34      42
       34      37      31      27      29      32      34      37
       34      31      32      31      41      36      31      34
       29      29      37      36      31      32      22      32
       33      29      34      34      34      41      32      26
       32      37      31      42      32      39      36      26
       34      37      39      31      27      37      36      29
       36      44      32      42      44      36      39      34
       36      34      32      34      39      39      36      41
       37      47      41      37      46      36      52      46
       49      59      60      64      76      69      87      88
       92      97     101     114     117     141     142     161
      181     187     199     214     224     227     228     227
      230     216     219     216     211     191     164     171
      151     134     132     126     114     101     102      91
       86      89      90      76      86      94     108     108
      114     121     111     123     123     118     104      91
       83      73      78      68      63      63      61      61
       66      76      69      74      88      89      91      86
       93      88      84      81      84      79      76      76
       63      63      68      48      48      46      50      50
       38      36      37      50      38      43      33      40
       41      35      36      38      36      36      35      35
       30      36      38      40      40      40      38      40
       46      46      46      51      41      48      55      55
       61      58      70      73      81      95     105     120
      121     141     151     178     191     196     231     224
      236     226     229     224     208     206     201     196
      224     231     254     299     314     362     381     396
      441     429     447     459     447     426     397     369
      328     289     278     226     205     193     180     160
      170     153     150     153     143     151     158     161
      165     168     173     163     166     167     161     148
      148     141     126     121     116     106     101      98
       83      78      80      80      80      67      57      58
       59      45      47      50      47      37      47      43
       35      30      42      35      35      43      33      43
       45      32      32      35      40      41      43      33
       38      37      42      42      52      48      45      38
       50      50      47      40      58      52      55      50
       54      54      49      45      39      40      42      47
       42      35      39      25      29      32      30      35
       30      30      27      29      35      29      30      31
       32      34      34      34      30      39      29      35
       27      34      30      34      40      45      37      42
       47      45      40      41      45      47      45      49
       52      45      40      47      44      49      44      50
       45      49      44      44      52      45      42      49
       45      50      45      47      50      54      49      55
       47      59      49      56      59      42      49      49
       47      34      37      42      37      34      36      32
       27      31      31      36      34      36      29      34
       31      29      29      32      29      26      29      26
       29      27      29      29      17      34      26      32
       27      22      22      32      24      29      27      26
       22      24      19      32      29      27      31      32
       36      27      32      26      32      29      36      31
       37      34      39      49      49      63      59      58
       64      79      73      73      79      87      94      92
       99      91      89      79      87      86      81      68
       59      64      48      49      38      39      34      34
       35      34      35      28      29      34      31      26
       23      26      23      28      28      26      23      26
       29      24      36      29      33      33      44      45
       36      33      41      38      46      38      40      43
       38      36      31      33      40      33      36      40
       36      38      56      61      63      63      78      76
       81      99     114     133     150     176     194     231
      263     284     288     311     334     347     359     356
      361     349     352     314     286     249     241     213
      191     151     150     126     108     100     100      86
       87      90      80      83      83      95      91      90
      103      85     100      91      98      91      90      81
       78      72      70      73      68      67      63      70
       67      65      62      65      62      62      58      52
       55      52      55      52      50      57      55      60
       52      52      47      48      50      45      50      47
       45      57      55      56      52      59      52      57
       67      50      69      64      64      69      67      70
       67      65      70      64      65      60      59      64
       59      57      54      55      52      55      47      47
       49      50      44      42      37      42      47      39
       45      44      39      49      44      45      49      54
       52      45      54      55      50      51      61      69
       69      71      74      84      84     102      94     105
      114     110     111     117     122     130     131     120
      135     144     129     132     140     135     147     134
      146     137     136     132     124     126     114      99
       97      89      92      87      81      71      64      67
       66      67      54      56      66      67      64      57
       62      66      69      76      73      81      89      97
       99     100     109     107     106     109     102     103
       94      81      79      76      73      69      71      69
       61      66      66      63      66      54      59      61
       59      64      66      61      68      66      64      59
       68      71      64      74      61      64      65      59
       63      59      51      56      66      55      56      56
       56      53      53      48      50      51      46      55
       48      48      41      41      53      43      40      43
       41      36      45      40      45      38      36      38
       40      35      33      35      35      31      38      39
       40      35      35      31      38      35      36      37
       36      40      35      33      40      36      31      38
       39      45      43      45      43      47      42      47
       40      45      58      53      52      58      57      62
       60      72      76      67      73      68      78      75
       73      78      73      72      65      62      60      52
       52      47      57      53      62      58      68      77
       70      87      98     105     113     123     128     135
      123     122     112     113     107      93      85      85
       74      69      69      60      59      59      52      57
       62      52      54      54      50      52      55      45
       50      49      54      40      41      44      44      45
       42      44      37      42      44      30      32      35
       29      37      40      34      34      40      41      34
       32      40      34      44      44      44      45      47
       47      47      44      49      47      44      47      49
       52      53      42      46      51      42      46      46
       36      44      42      36      32      37      38      39
       26      31      36      37      34      31      29      26
       27      34      37      29      31      26      36      36
       31      27      29      34      31      41      32      28
       28      33      36      34      36      34      38      34
       41      46      39      38      38      39      49      44
       46      48      49      58      68      61      64      76
       81      89      91      99      91     103     101     106
      101     111     109     113     114     113     109     116
      113     108     103     106     111      99     101      89
       96      91      96      91      88      93      98      91
       94      95      98     103      93      96      91      86
       84      78      68      61      56      53      41      40
       38      43      38      40      28      35      38      28
       33      35      35      35      35      28      36      35
       38      33      38      40      35      42      33      40
       37      37      38      37      43      47      53      57
       63      60      72      95      96     108     115     143
      156     161     186     193     215     220     231     233
      235     241     251     236     236     220     203     185
      165     148     140     120     108      92      85      70
       65      62      59      52      44      40      39      44
       35      40      35      34      32      30      29      35
       29      30      37      32      32      42      34      37
       32      44      32      39      35      39      35      44
       34      39      39      50      57      49      59      75
       77      82     105     109     119     132     150     154
      150     144     145     139     129     129     125     114
      117     110     100      97      92      92      87      88
       89      89      91      91      87      89      92     102
       89      89      76      72      73      66      56      56
       49      52      54      47      39      46      39      43
       38      48      43      38      39      41      43      43
       43      41      34      38      43      34      39      36
       38      39      34      34      36      36      36      34
       31      38      33      34      36      37      34      36
       31      33      29      31      33      36      38      36
       38      38      46      43      55      51      58      60
       58      63      58      61      68      61      58      55
       55      65      53      46      53      51      55      51
       43      36      43      33      35      36      33      35
       35      30      23      28      21      28      23      21
       23      26      25      28      28      21      26      25
       23      27      28      22      23      25      25      30
       32      28      27      28      33      30      20      28
       29      30      30      30      27      27      28      23
       30      23      25      30      33      30      22      27
       35      30      27      25      28      29      28      22
       27      30      27      18      27      32      34      30
       27      34      39      37      47      42      49      55
       54      52      57      65      60      64      59      62
       64      65      64      65      52      50      59      47
       39      45      46      40      35      45      39      35
       30      32      34      37      37      34      45      37
       37      44      52      46      41      47      44      49
       41      41      41      41      42      36      41      29
       31      32      29      26      27      28      24      34
       35      24      27      28      29      27      26      21
       27      34      31      34      32      31      34      31
       36      27      34      36      34      36      26      31
       23      33      23      21      28      26      31      28
       24      19      24      25      21      23      21      24
       18      24      18      19      21      23      28      26
       18      26      31      26      24      19      23      24
       29      33      34      29      37      32      34      39
       37      38      41      36      41      39      44      44
       39      46      41      37      41      34      31      24
       26      27      29      21      26      27      29      26
       24      29      21      17      32      27      28      22
       23      32      29      27      32      27      35      30
       31      37      40      35      45      49      45      47
       54      47      49      49      47      47      50      45
       46      37      40      49      42      42      45      42
       45      42      44      42      47      50      55      64
       67      65      73      77      83      88      93      92
       98      97      90      85      73      68      69      63
       47      55      56      45      53      42      37      38
       28      40      37      33      37      37      38      33
       28      32      27      32      28      27      27      28
       26      23      26      23      24      23      18      26
       25      21      25      21      22      25      16      20
       23      20      20      23      26      25      28      18
       30      28      35      25      31      28      30      30
       30      31      31      30      40      41      38      43
       43      54      59      66      64      68      81      66
       83      88      84      93      91      88      94      88
       89      86      96      89      92      93      89      89
       89      97     101     109     114     117     116     121
      116     126     127     109     114      97      96      84
       67      66      59      49      49      44      39      34
       41      34      32      33      31      29      26      34
       27      28      29      26      22      24      26      31
       26      32      34      36      31      42      41      46
       46      49      42      44      41      49      45      52
       47      39      45      34      37      38      44      35
       42      32      32      45      37      49      42      52
       54      52      59      57      45      55      52      50
       45      57      42      40      41      40      35      32
       29      25      29
        0
